c_hat: 29979245800
c: 29979245800
a_rad: 7.5657313567241239e-15
unit_mass: 1
unit_length: 1
k_B: 1.3806488e-16
unit_time: 1
unit_temperature: 1
G: 6.6742800000000007e-08
